
---
title: Dani Log
comments: false
---

| No | Nama | Exp | 27Sep |
|-----|-----|-----|-----|
| 1 | YUDHA VIRMA ALLASCA  | 975 | 06:45-15:32 |
| 2 | SUROSO  | 343 | 06:45-15:32 |
| 3 | JOHAN ARI PITUTULU  | 343 | 06:46-15:32 |
| 4 | WARIMAN  | 345 | 06:46-15:32 |
| 5 | ARI SUPRIH BUDI KUNCORO  | 344 | 06:46-15:32 |
| 6 | PITHUT GUNAWAN  | 344 | 06:46-15:32 |
| 7 | EKO YUDISTIRO RONY ASHARI  | 343 | 06:46-15:33 |
| 8 | DJETLI MARISHANNO LITAAY  | 19 | 06:46-15:33 |
| 9 | HINU PULUNG MULIAWAN  | 25 | 06:47-15:33 |
| 10 | DULKAMIT  | 26 | 06:47-15:34 |
| 11 | MUKLISIN  | 30 | 06:27-15:34 |
| 12 | SUNARDI  | 32 | 06:47-15:34 |
| 13 | SUGENG RIYANTO  | 39 | 06:47-15:34 |
